# timestamp (sec),tracking,propagation,msckf update,slam update,slam delayed,re-tri & marg,total
1699334490.244316339492798,0.01317,0.00021,0.00403,0.00000,0.00000,0.00120,0.01861
1699334490.311064004898071,0.00970,0.00038,0.00748,0.00000,0.00000,0.00189,0.01945
1699334490.377811431884766,0.00699,0.00041,0.00161,0.00000,0.00000,0.00192,0.01094
1699334490.444559335708618,0.01356,0.00023,0.00010,0.00000,0.00000,0.00227,0.01616
1699334490.511307001113892,0.00781,0.00068,0.00022,0.00000,0.00193,0.00308,0.01372
1699334490.578054428100586,0.00790,0.00047,0.00040,0.00000,0.00000,0.00249,0.01127
1699334490.644802093505859,0.00943,0.00045,0.00051,0.00000,0.00000,0.00336,0.01375
1699334490.711549758911133,0.00437,0.00028,0.00030,0.00000,0.00000,0.00245,0.00741
1699334490.778297424316406,0.00534,0.00038,0.00036,0.00000,0.00000,0.00262,0.00871
1699334490.845045089721680,0.00852,0.00034,0.00040,0.00000,0.00000,0.00259,0.01186
1699334490.911792278289795,0.01100,0.00026,0.00033,0.00000,0.00000,0.00196,0.01355
1699334490.978539943695068,0.00915,0.00046,0.00137,0.00000,0.00433,0.00214,0.01745
1699334491.045287847518921,0.00880,0.00037,0.00049,0.00000,0.00137,0.00201,0.01304
1699334491.112035274505615,0.00541,0.00031,0.00014,0.00000,0.00044,0.00232,0.00862
1699334491.178782939910889,0.00606,0.00040,0.00034,0.00000,0.00000,0.00291,0.00971
1699334491.245529651641846,0.01039,0.00051,0.00052,0.00000,0.00000,0.00346,0.01487
1699334491.312276124954224,0.00888,0.00035,0.00084,0.00000,0.00044,0.00175,0.01226
1699334491.379022598266602,0.01144,0.00028,0.00040,0.00000,0.00022,0.00201,0.01437
1699334491.445769309997559,0.01115,0.00035,0.00066,0.00000,0.00000,0.00223,0.01439
1699334491.512515544891357,0.01208,0.00046,0.00104,0.00000,0.00000,0.00155,0.01514
1699334491.579262256622314,0.01344,0.00019,0.00038,0.00000,0.00000,0.00129,0.01530
1699334491.646008491516113,0.01136,0.00074,0.00168,0.00000,0.00342,0.00161,0.01882
1699334491.712754964828491,0.00745,0.00034,0.00156,0.00003,0.00000,0.00231,0.01169
1699334491.779501199722290,0.00765,0.00024,0.00166,0.00005,0.00159,0.00169,0.01287
1699334491.846247673034668,0.00634,0.00084,0.00190,0.00015,0.00313,0.00119,0.01356
1699334491.912993907928467,0.01248,0.00023,0.00061,0.00004,0.00049,0.00150,0.01534
1699334491.979740142822266,0.01237,0.00026,0.00051,0.00003,0.00010,0.00125,0.01452
1699334492.046486616134644,0.01006,0.00034,0.00048,0.00000,0.00000,0.00217,0.01305
1699334492.113232612609863,0.01101,0.00032,0.00351,0.00000,0.00538,0.00146,0.02169
1699334492.179979085922241,0.01355,0.00029,0.00027,0.00000,0.00102,0.00201,0.01714
1699334492.246725797653198,0.00885,0.00040,0.00058,0.00000,0.00308,0.00220,0.01511
1699334492.313472986221313,0.01289,0.00039,0.00089,0.00000,0.00054,0.00285,0.01756
1699334492.380219936370850,0.00931,0.00033,0.00141,0.00000,0.00000,0.00220,0.01324
1699334492.446966886520386,0.01162,0.00036,0.00121,0.00000,0.00213,0.00247,0.01779
1699334492.513713836669922,0.00870,0.00032,0.00111,0.00000,0.00030,0.00190,0.01234
1699334492.580460786819458,0.00855,0.00037,0.00082,0.00000,0.00157,0.00214,0.01345
1699334492.647207498550415,0.01408,0.00019,0.00038,0.00000,0.00087,0.00130,0.01682
1699334492.713954448699951,0.01439,0.00023,0.00061,0.00000,0.00075,0.00168,0.01767
1699334492.780701398849487,0.00331,0.00020,0.00066,0.00000,0.00147,0.00311,0.00876
1699334492.847448348999023,0.01389,0.00027,0.00072,0.00000,0.00065,0.00181,0.01734
1699334492.914195060729980,0.00642,0.00029,0.00122,0.00000,0.00131,0.00178,0.01101
1699334492.980941772460938,0.01117,0.00031,0.00137,0.00000,0.00123,0.00212,0.01620
1699334493.047688722610474,0.01248,0.00054,0.00178,0.00000,0.00337,0.00175,0.01992
1699334493.114435672760010,0.01023,0.00046,0.00156,0.00000,0.00000,0.00232,0.01457
1699334493.181182384490967,0.01597,0.00026,0.00125,0.00000,0.00101,0.00188,0.02037
1699334493.247929334640503,0.00560,0.00035,0.00119,0.00000,0.00158,0.00238,0.01110
1699334493.314676523208618,0.01355,0.00026,0.00098,0.00000,0.00020,0.00164,0.01663
1699334493.381423711776733,0.00873,0.00038,0.00175,0.00000,0.00078,0.00258,0.01421
1699334493.448170661926270,0.01270,0.00030,0.00175,0.00000,0.00069,0.00192,0.01736
1699334493.514917373657227,0.00471,0.00040,0.00297,0.00000,0.00000,0.00242,0.01051
1699334493.581664562225342,0.01295,0.00032,0.00175,0.00000,0.00030,0.00173,0.01706
1699334493.648411273956299,0.00790,0.00034,0.00128,0.00000,0.00042,0.00214,0.01208
1699334493.715158462524414,0.00946,0.00037,0.00245,0.00000,0.00154,0.00237,0.01619
1699334493.781905174255371,0.01059,0.00051,0.00100,0.00000,0.00234,0.00119,0.01563
1699334493.848652124404907,0.01240,0.00025,0.00069,0.00000,0.00000,0.00185,0.01518
1699334493.915398836135864,0.01129,0.00030,0.00081,0.00000,0.00190,0.00232,0.01662
1699334493.982146024703979,0.00795,0.00029,0.00050,0.00000,0.00025,0.00195,0.01094
1699334494.048892974853516,0.00588,0.00027,0.00056,0.00000,0.00174,0.00190,0.01035
1699334494.115639209747314,0.00593,0.00031,0.00021,0.00000,0.00016,0.00225,0.00887
1699334494.182386159896851,0.01547,0.00023,0.00025,0.00000,0.00029,0.00130,0.01753
1699334494.249133586883545,0.01217,0.00026,0.00039,0.00000,0.00010,0.00198,0.01490
1699334494.315881013870239,0.00960,0.00030,0.00094,0.00000,0.00421,0.00198,0.01703
1699334494.382628202438354,0.01403,0.00045,0.00115,0.00000,0.00000,0.00159,0.01722
1699334494.449375152587891,0.01324,0.00065,0.00127,0.00000,0.00022,0.00123,0.01662
1699334494.549496173858643,0.00648,0.00041,0.00219,0.00000,0.00028,0.00187,0.01124
1699334494.616243362426758,0.01136,0.00026,0.00105,0.00000,0.00377,0.00181,0.01825
1699334494.682990550994873,0.00569,0.00028,0.00028,0.00000,0.00082,0.00187,0.00895
1699334494.749737501144409,0.01106,0.00026,0.00048,0.00000,0.00027,0.00170,0.01377
1699334494.816484928131104,0.01044,0.00051,0.00051,0.00000,0.00000,0.00351,0.01497
1699334494.883232116699219,0.01312,0.00025,0.00043,0.00000,0.00067,0.00167,0.01614
1699334494.949978828430176,0.00678,0.00034,0.00066,0.00000,0.00010,0.00225,0.01013
1699334495.016726016998291,0.01169,0.00038,0.00103,0.00000,0.00186,0.00210,0.01706
1699334495.083473443984985,0.00676,0.00042,0.00100,0.00000,0.00030,0.00214,0.01063
1699334495.150220632553101,0.01274,0.00041,0.00068,0.00000,0.00108,0.00268,0.01759
1699334495.216967344284058,0.00932,0.00032,0.00075,0.00000,0.00024,0.00204,0.01268
1699334495.283714771270752,0.00844,0.00039,0.00066,0.00000,0.00014,0.00290,0.01253
1699334495.350462198257446,0.01264,0.00029,0.00200,0.00000,0.00075,0.00199,0.01767
1699334495.417209625244141,0.01037,0.00037,0.00075,0.00007,0.00093,0.00278,0.01528
1699334495.483956813812256,0.00922,0.00055,0.00175,0.00004,0.00048,0.00177,0.01381
1699334495.550703763961792,0.00810,0.00061,0.00104,0.00000,0.00026,0.00213,0.01216
1699334495.617451190948486,0.01180,0.00030,0.00085,0.00000,0.00000,0.00124,0.01419
1699334495.684198379516602,0.00561,0.00029,0.00055,0.00000,0.00014,0.00189,0.00847
1699334495.750945568084717,0.01201,0.00031,0.00131,0.00000,0.00069,0.00222,0.01654
1699334495.817692756652832,0.00937,0.00033,0.00102,0.00000,0.00057,0.00226,0.01354
1699334495.884439945220947,0.01220,0.00028,0.00163,0.00000,0.00111,0.00189,0.01711
1699334495.951186895370483,0.01130,0.00031,0.00104,0.00000,0.00000,0.00153,0.01418
1699334496.017934083938599,0.00985,0.00060,0.00187,0.00000,0.00003,0.00177,0.01413
1699334496.084681272506714,0.00418,0.00028,0.00097,0.00000,0.00072,0.00175,0.00791
1699334496.151428461074829,0.01153,0.00031,0.00209,0.00000,0.00087,0.00209,0.01690
1699334496.218175888061523,0.01229,0.00032,0.00117,0.00000,0.00147,0.00196,0.01722
1699334496.284924507141113,0.01212,0.00025,0.00126,0.00000,0.00000,0.00161,0.01524
1699334496.351672410964966,0.01512,0.00038,0.00139,0.00000,0.00250,0.00120,0.02059
1699334496.418420791625977,0.01202,0.00036,0.00123,0.00000,0.00043,0.00219,0.01623
1699334496.485168933868408,0.01081,0.00034,0.00095,0.00000,0.00012,0.00212,0.01434
1699334496.551917076110840,0.00849,0.00034,0.00049,0.00000,0.00006,0.00240,0.01179
1699334496.618665218353271,0.01393,0.00024,0.00067,0.00000,0.00023,0.00144,0.01651
1699334496.685413599014282,0.01605,0.00046,0.00170,0.00000,0.00159,0.00142,0.02122
1699334496.752161741256714,0.00729,0.00028,0.00173,0.00000,0.00000,0.00279,0.01210
1699334496.818909883499146,0.00919,0.00026,0.00031,0.00000,0.00000,0.00151,0.01127
1699334496.885658025741577,0.01380,0.00026,0.00049,0.00000,0.00006,0.00156,0.01618
1699334496.952406644821167,0.01264,0.00031,0.00066,0.00000,0.00029,0.00210,0.01600
1699334497.019154548645020,0.00720,0.00033,0.00047,0.00000,0.00105,0.00242,0.01147
1699334497.085902929306030,0.00829,0.00036,0.00028,0.00000,0.00231,0.00160,0.01285
1699334497.152651071548462,0.01151,0.00029,0.00018,0.00000,0.00221,0.00203,0.01623
1699334497.219399690628052,0.01190,0.00026,0.00026,0.00000,0.00000,0.00170,0.01412
1699334497.286148071289062,0.00724,0.00037,0.00025,0.00000,0.00000,0.00247,0.01033
1699334497.352896928787231,0.01061,0.00031,0.00022,0.00000,0.00019,0.00213,0.01345
1699334497.419645786285400,0.00945,0.00040,0.00014,0.00000,0.00026,0.00221,0.01245
1699334497.486394643783569,0.00733,0.00042,0.00055,0.00000,0.00131,0.00224,0.01185
1699334497.553143024444580,0.01030,0.00030,0.00017,0.00000,0.00060,0.00187,0.01323
1699334497.619891881942749,0.00322,0.00019,0.00015,0.00000,0.00106,0.00133,0.00595
1699334497.686640739440918,0.00407,0.00019,0.00020,0.00000,0.00009,0.00138,0.00592
1699334497.753389358520508,0.00312,0.00019,0.00027,0.00000,0.00071,0.00132,0.00561
1699334497.820138454437256,0.00305,0.00020,0.00009,0.00000,0.00040,0.00134,0.00509
1699334497.886887073516846,0.00636,0.00039,0.00028,0.00000,0.00440,0.00209,0.01352
1699334497.953636169433594,0.00799,0.00050,0.00057,0.00000,0.00167,0.00230,0.01304
1699334498.020384788513184,0.00716,0.00035,0.00033,0.00000,0.00000,0.00237,0.01021
1699334498.087133646011353,0.00740,0.00057,0.00032,0.00000,0.00024,0.00223,0.01076
1699334498.153882741928101,0.00896,0.00035,0.00007,0.00000,0.00289,0.00232,0.01460
1699334498.220631361007690,0.00346,0.00030,0.00015,0.00000,0.00013,0.00205,0.00609
1699334498.287380218505859,0.00404,0.00029,0.00010,0.00000,0.00063,0.00203,0.00710
1699334498.354128599166870,0.00465,0.00034,0.00019,0.00000,0.00039,0.00272,0.00827
1699334498.420877456665039,0.00776,0.00049,0.00013,0.00000,0.00239,0.00190,0.01267
1699334498.487626075744629,0.00645,0.00044,0.00009,0.00000,0.00017,0.00320,0.01034
1699334498.554374694824219,0.00834,0.00050,0.00018,0.00000,0.00072,0.00350,0.01325
1699334498.621123552322388,0.00284,0.00019,0.00006,0.00000,0.00025,0.00140,0.00474
1699334498.687872171401978,0.00783,0.00051,0.00037,0.00000,0.00197,0.00180,0.01248
1699334498.754621028900146,0.00791,0.00032,0.00035,0.00000,0.00056,0.00235,0.01150
1699334498.821369647979736,0.00745,0.00035,0.00039,0.00000,0.00079,0.00237,0.01135
1699334498.888118505477905,0.01383,0.00030,0.00064,0.00000,0.00005,0.00221,0.01704
1699334498.954867124557495,0.01420,0.00056,0.00091,0.00000,0.00059,0.00130,0.01755
1699334499.021615982055664,0.00770,0.00040,0.00030,0.00000,0.00000,0.00241,0.01081
1699334499.088364839553833,0.00478,0.00032,0.00027,0.00000,0.00005,0.00221,0.00762
1699334499.155113458633423,0.00801,0.00039,0.00060,0.00000,0.00025,0.00253,0.01179
1699334499.221862316131592,0.00284,0.00019,0.00025,0.00000,0.00065,0.00144,0.00537
1699334499.288610458374023,0.01308,0.00017,0.00053,0.00000,0.00050,0.00113,0.01541
1699334499.355359315872192,0.01127,0.00033,0.00057,0.00000,0.00008,0.00206,0.01432
1699334499.422107458114624,0.00951,0.00040,0.00054,0.00000,0.00080,0.00260,0.01385
1699334499.488856077194214,0.01126,0.00044,0.00089,0.00000,0.00028,0.00143,0.01431
1699334499.555604457855225,0.00985,0.00030,0.00034,0.00000,0.00050,0.00173,0.01273
1699334499.622352838516235,0.01216,0.00029,0.00018,0.00000,0.00184,0.00146,0.01594
1699334499.689101219177246,0.00992,0.00048,0.00050,0.00000,0.00000,0.00228,0.01318
1699334499.755849838256836,0.00869,0.00059,0.00052,0.00000,0.00000,0.00224,0.01203
1699334499.822598218917847,0.00997,0.00036,0.00008,0.00000,0.00000,0.00246,0.01287
1699334499.889346599578857,0.00521,0.00037,0.00034,0.00000,0.00006,0.00254,0.00852
1699334499.956094980239868,0.01116,0.00039,0.00011,0.00000,0.00021,0.00256,0.01442
1699334500.022843360900879,0.00439,0.00034,0.00014,0.00000,0.00210,0.00240,0.00937
1699334500.089591979980469,0.00760,0.00042,0.00012,0.00000,0.00074,0.00215,0.01103
1699334500.156340122222900,0.00234,0.00019,0.00001,0.00000,0.00006,0.00124,0.00383
1699334500.223089933395386,0.00400,0.00032,0.00002,0.00000,0.00075,0.00263,0.00772
1699334500.289840221405029,0.01215,0.00030,0.00009,0.00000,0.00073,0.00223,0.01550
1699334500.356590509414673,0.00797,0.00051,0.00004,0.00000,0.00122,0.00233,0.01207
1699334500.423341035842896,0.00885,0.00052,0.00003,0.00000,0.00307,0.00145,0.01393
1699334500.490091562271118,0.01541,0.00050,0.00007,0.00000,0.00000,0.00178,0.01776
1699334500.556842088699341,0.00853,0.00024,0.00027,0.00000,0.00124,0.00174,0.01201
1699334500.623592376708984,0.00713,0.00048,0.00013,0.00000,0.00000,0.00376,0.01149
1699334500.690343141555786,0.00828,0.00047,0.00012,0.00000,0.00006,0.00280,0.01174
1699334500.757093906402588,0.00860,0.00037,0.00003,0.00000,0.00020,0.00299,0.01218
1699334500.823844671249390,0.00679,0.00041,0.00010,0.00000,0.00253,0.00306,0.01288
1699334500.890595436096191,0.00941,0.00038,0.00008,0.00000,0.00080,0.00261,0.01328
1699334500.957345962524414,0.01416,0.00020,0.00001,0.00000,0.00006,0.00159,0.01603
1699334501.024096965789795,0.00422,0.00027,0.00002,0.00000,0.00137,0.00205,0.00793
1699334501.090847730636597,0.00523,0.00034,0.00003,0.00007,0.00047,0.00258,0.00871
1699334501.157598495483398,0.01025,0.00033,0.00009,0.00006,0.00078,0.00174,0.01326
1699334501.224347829818726,0.01031,0.00057,0.00235,0.00005,0.00322,0.00180,0.01831
1699334501.291575193405151,0.01049,0.00060,0.00004,0.00014,0.00000,0.00218,0.01345
1699334501.358808517456055,0.01099,0.00036,0.00153,0.00005,0.00051,0.00185,0.01529
1699334501.426048278808594,0.01370,0.00034,0.00053,0.00005,0.00000,0.00254,0.01717
