# timestamp(s) tx ty tz qx qy qz qw Pr11 Pr12 Pr13 Pr22 Pr23 Pr33 Pt11 Pt12 Pt13 Pt22 Pt23 Pt33
1699334490.24432 0.816833 -1.566452 0.100975 0.204982 0.035958 -0.680601 0.702476 0.0435428788 -0.0049479951 0.0006073303 0.0309209630 0.0020763109 0.0541653393 0.0656456115 0.0006703345 -0.0308288333 0.0269383944 -0.0477792137 0.1498261044
1699334490.31106 0.692619 -1.160962 0.856290 -0.214055 0.068184 -0.673642 0.704087 0.0267964235 -0.0030518966 -0.0091726219 0.0258609141 0.0064996929 0.0490896729 0.1773820512 0.0846674469 -0.0024828228 0.0423729657 0.0058160776 0.1021668009
1699334490.37781 1.003688 -1.046818 1.037552 -0.210173 0.061223 -0.675207 0.704397 0.0786414650 -0.0027489007 0.0050015181 0.0827940435 -0.0105234468 0.1029715506 0.0899373236 0.0571668803 -0.0262308926 0.0870144073 0.0299137346 0.0569940089
1699334490.44456 1.339558 -0.953712 1.197679 -0.208329 0.061037 -0.675508 0.704672 0.1331771122 -0.0027755531 0.0052960346 0.1369059806 -0.0102270532 0.1577488043 0.0925014606 0.0649797731 -0.0413699918 0.1454014945 0.0336506388 0.0698326046
1699334490.51131 1.706086 -0.844455 1.357593 -0.209715 0.059971 -0.674043 0.705754 0.1878476836 -0.0028040923 0.0053840709 0.1915615142 -0.0102624093 0.2124918466 0.1044256819 0.0711903416 -0.0622657456 0.2313126507 0.0368759722 0.0936640141
1699334490.57805 2.095731 -0.725281 1.506409 -0.212390 0.055763 -0.672553 0.706721 0.2428110236 -0.0028886828 0.0056474907 0.2463747285 -0.0102221605 0.2674284533 0.1268706980 0.0717420926 -0.0898470121 0.3482103574 0.0384709424 0.1283978791
1699334490.64480 2.491800 -0.586669 1.635867 -0.210991 0.052398 -0.672365 0.707575 0.2979173499 -0.0028758992 0.0057591886 0.3013011323 -0.0100948791 0.3227546222 0.1626513249 0.0632435562 -0.1242452194 0.4973601897 0.0365256080 0.1744230565
1699334490.71155 2.895125 -0.426655 1.752756 -0.211887 0.052776 -0.671764 0.707850 0.3532083185 -0.0028869197 0.0057831700 0.3566229903 -0.0101624350 0.3781458470 0.2192677521 0.0431506535 -0.1673727302 0.6859312179 0.0286672054 0.2344323064
1699334490.77830 3.318266 -0.246290 1.856508 -0.213831 0.052610 -0.671619 0.707415 0.4087477547 -0.0029299923 0.0058716916 0.4121693120 -0.0102351277 0.4337087254 0.3060640391 0.0085595041 -0.2232225469 0.9275887808 0.0116169327 0.3149823265
1699334490.84505 3.763716 -0.058097 1.950532 -0.215702 0.052732 -0.671225 0.707212 0.4644933695 -0.0029679951 0.0059422123 0.4679397732 -0.0103181166 0.4894854633 0.4349851901 -0.0415929514 -0.2973481771 1.2386818980 -0.0166555382 0.4218140535
1699334490.91179 4.228645 0.139429 2.038935 -0.224912 0.034744 -0.677842 0.699098 0.5135002984 0.0221020037 0.0267780004 0.4310464969 -0.0873159409 0.4811780155 0.6207029808 -0.1100243428 -0.3975983125 1.6389283519 -0.0595714225 0.5618308962
1699334490.97854 4.707151 0.353410 2.134374 -0.221680 0.035749 -0.677649 0.700266 0.5699268493 0.0224621507 0.0281666276 0.4857253513 -0.0867896871 0.5380080858 0.8993560695 -0.2029736414 -0.5308005809 2.1509940985 -0.1295354185 0.7379483361
1699334491.04529 5.206739 0.578295 2.227853 -0.218904 0.039075 -0.677439 0.701164 0.6259372442 0.0230106208 0.0282603476 0.5416086126 -0.0870279899 0.5946961759 1.2907614895 -0.3227038556 -0.7123512761 2.8125672491 -0.2300346638 0.9655736235
1699334491.11204 5.722640 0.813726 2.313275 -0.217793 0.036307 -0.676855 0.702222 0.6826883772 0.0229449436 0.0280504701 0.5967602635 -0.0871363848 0.6520185034 1.8227237009 -0.4727230648 -0.9509737435 3.6462580931 -0.3691918475 1.2513100207
1699334491.17878 6.264806 1.071428 2.393742 -0.219961 0.036816 -0.675380 0.702940 0.7397545087 0.0224288503 0.0278709153 0.6536502081 -0.0878075828 0.7079315765 2.5443342270 -0.6691309324 -1.2714190189 4.7077150522 -0.5665010933 1.6229910596
1699334491.24553 6.830700 1.338978 2.475593 -0.219269 0.038948 -0.673548 0.704796 0.7967540132 0.0160859033 0.0236284331 0.5660599881 -0.1893680421 0.6925905865 3.5081458112 -0.9114288435 -1.6978415447 6.0440413325 -0.8301776858 2.0933078037
1699334491.31228 7.426497 1.623908 2.558599 -0.217634 0.038182 -0.673531 0.705360 0.8537005313 0.0167823728 0.0236440502 0.6206826045 -0.1895458764 0.7513376187 4.7812303926 -1.2119664038 -2.2703989607 7.7494315291 -1.1778389602 2.6946831629
1699334491.37902 8.053859 1.924147 2.621656 -0.220362 0.040066 -0.672963 0.704952 0.9111929377 0.0162765225 0.0235499045 0.6796613971 -0.1911535878 0.8058243656 6.3741418274 -1.5940507914 -3.0090716175 9.8416189704 -1.6239622335 3.4658619515
1699334491.44577 8.700734 2.242963 2.668974 -0.220893 0.042291 -0.673877 0.703781 0.9686095552 0.0172659351 0.0243890449 0.7380425934 -0.1923034402 0.8616276040 8.3548908300 -2.0668157982 -3.9339694964 12.3671734519 -2.1887995096 4.4233102076
1699334491.51252 9.366338 2.572922 2.705255 -0.225229 0.045683 -0.674015 0.702060 1.0264396477 0.0172202600 0.0248496994 0.7994374550 -0.1943739732 0.9146434870 10.7927041357 -2.6326108861 -5.0804472305 15.4019992558 -2.8841508751 5.5877394333
1699334491.57926 10.006458 2.897486 2.757496 -0.232563 0.004876 -0.677029 0.698228 1.0510194003 0.0629398620 0.0465806326 0.7943779272 -0.2260064734 0.9561618121 13.7213150522 -3.3148867882 -6.4745186520 19.0310991538 -3.7204066257 6.9866106304
1699334491.64601 9.100911 1.830502 4.231071 -0.183213 -0.180954 -0.514873 0.817676 0.0942727686 -0.1109762271 0.0627028810 0.4383219507 -0.1495916458 0.1394016513 3.3880650794 -5.1847726700 -0.8311597632 20.3284066384 -3.2968345227 4.4283759333
1699334491.71275 9.797647 -0.464339 6.685850 0.011761 -0.143363 -0.689721 0.709643 0.1059915781 -0.0313096914 0.0503771209 0.1401510767 -0.0528212509 0.1718483088 1.3765339604 -2.9360277477 -0.5555280504 10.6139493156 -0.0372426527 1.7079799641
1699334491.77950 9.920384 -0.528607 7.225848 0.054016 -0.165495 -0.684461 0.707959 0.1087960031 -0.0135906330 0.0354209130 0.1345473563 -0.0034925776 0.2540456582 1.4686823840 0.0401985240 -1.0656465729 14.9849152825 1.8399230930 2.5726172899
1699334491.84625 9.920479 -0.899537 7.391336 0.037421 -0.163051 -0.639940 0.749994 0.1600435196 -0.0060240219 0.0388521522 0.1678441240 -0.0129575524 0.2780981425 1.6766800275 -0.1092557570 -1.2432694575 15.9856261630 1.9788923092 2.6190692147
1699334491.91299 10.125175 -2.651269 7.414474 0.021602 0.168955 -0.596760 0.784133 0.0959920332 -0.0187558634 0.0514156292 0.1282358096 0.0154079756 0.2133574573 1.3192453963 0.6701293488 -1.2999537767 15.2114340833 1.7102382684 2.2915550350
1699334491.97974 10.281548 -2.997623 7.881286 -0.046557 0.129258 -0.571758 0.808838 0.0887390818 0.0023576301 -0.0184100141 0.0997209518 -0.0752065549 0.1677873022 2.1792457936 4.0094653914 -0.5391118993 15.8703410983 2.7568670145 2.8884697558
1699334492.04649 10.500493 -3.351390 8.322376 -0.043316 0.131950 -0.572200 0.808270 0.1387658703 -0.0068524237 -0.0109116385 0.1668019920 -0.0790959860 0.2143795022 2.6068034953 4.6551713416 -0.5488041140 17.1433945129 3.1974613294 3.1635609176
1699334492.11323 9.873931 -1.679764 9.794310 0.087016 -0.011735 -0.505454 0.858374 0.0892040304 0.0127608424 -0.0114864055 0.1176847275 -0.0501124148 0.1890378692 2.8065669640 4.5658757334 -0.8193288584 15.2057108273 2.0850296955 2.5930920008
1699334492.17998 9.850926 -1.980157 10.151287 0.084002 -0.010090 -0.508880 0.856670 0.1450280003 0.0074230939 -0.0091028949 0.1449224283 -0.0124104621 0.2697993473 2.3125915466 1.9662635423 -1.2591907095 14.2649812377 1.1932386301 2.0725616641
1699334492.24673 9.825646 -2.290392 10.512303 0.080911 -0.007136 -0.511656 0.855342 0.1996224514 0.0075307887 -0.0090774223 0.1999229539 -0.0135621238 0.3246441824 2.6176465400 2.3878587778 -1.2666006258 14.7148642581 1.3675317167 2.1743683198
1699334492.31347 9.897421 -2.926300 10.398512 0.155314 -0.261359 -0.454741 0.837126 0.0897867226 0.0062297327 -0.0093905704 0.0903285313 -0.0130174022 0.2145806699 2.6259019728 2.5767729151 -1.3807592805 14.8504156866 1.6533511702 1.8968490430
1699334492.38022 9.501225 2.177967 12.524115 0.110351 -0.407047 -0.208484 0.882423 0.0955777371 0.0151366599 0.0263912142 0.0956792555 0.0343120746 0.1775051530 2.8896142677 3.4124686515 -1.1964562371 12.9114600356 1.2955312681 1.8105085688
1699334492.44697 7.701330 1.917450 13.558627 0.183250 -0.532499 -0.181431 0.806193 0.1284546598 0.0179423567 0.0505540700 0.0876071918 0.0233753597 0.1480951137 3.8405629786 -2.9554548944 -1.6375943681 13.2060191370 -0.7910080010 1.4961256325
1699334492.51371 7.354965 1.832390 13.852948 0.183458 -0.532898 -0.182299 0.805686 0.2058851766 0.0351478898 0.0422504354 0.1536779967 0.0254606841 0.1679917448 4.3179274172 -1.9727268838 -1.1655884291 10.3053251949 -0.7128843233 1.1926726352
1699334492.58046 6.954515 1.738610 14.122779 0.182737 -0.535973 -0.182428 0.803779 0.2612673446 0.0352537549 0.0421876247 0.2081587351 0.0252096509 0.2221222722 4.5444975162 -1.7504501269 -1.0906255685 10.0416539125 -0.6757577098 1.1898039573
1699334492.64721 6.507467 1.648609 14.367034 0.187084 -0.539232 -0.179734 0.801202 0.3166152446 0.0358495456 0.0417544253 0.2634960870 0.0252203516 0.2760331142 4.8067114000 -1.5199520822 -0.9912316668 9.7834172766 -0.6263404880 1.2141561093
1699334492.71395 6.008497 1.546995 14.582800 0.191221 -0.538769 -0.177900 0.800945 0.3713671499 0.0361833532 0.0417206415 0.3189844815 0.0255372414 0.3309915313 5.0958293671 -1.2707414419 -0.8619905498 9.5460147614 -0.5550816309 1.2759605568
1699334492.78070 5.468576 1.441285 14.754856 0.194381 -0.540872 -0.175231 0.799354 0.4269960611 0.0365367402 0.0415034993 0.3745052749 0.0255351817 0.3856440811 5.4076863698 -1.0145191756 -0.7042542204 9.3561190269 -0.4639308871 1.3872847920
1699334492.84745 4.883396 1.330109 14.888486 0.193039 -0.541603 -0.175802 0.799059 0.4827364706 0.0364040030 0.0417316854 0.4296595562 0.0254420718 0.4411573859 5.7480710699 -0.7528110851 -0.5121356017 9.2458896415 -0.3504382297 1.5654263197
1699334492.91420 4.380813 1.075489 15.320899 0.193417 -0.539809 -0.182426 0.798697 0.5341571043 0.0653405704 0.0238580232 0.1478154933 -0.0192527831 0.1575587074 6.0343978478 -0.3596745781 -0.5379537018 9.0696148217 0.1506007198 1.1159489137
1699334492.98094 3.729329 -0.012324 15.044392 -0.174351 -0.690418 -0.249459 0.656274 0.2600934285 0.0470335191 0.0188690831 0.1055945136 0.0177122232 0.1199136689 6.6015149916 0.0596255716 -0.4266836927 9.2550715160 0.6230642424 1.1287233369
1699334493.04769 17.742303 10.491662 17.692912 -0.576350 -0.282662 -0.062690 0.764195 0.2045004165 0.0126065052 -0.0179141504 0.0747216010 -0.0109618417 0.1072582323 4.8142958875 -0.2922452516 -0.5831277528 7.3385956456 1.1997359204 1.1564700214
1699334493.11444 17.926589 11.219477 18.500225 -0.576008 -0.285910 -0.060937 0.763385 0.1865177540 -0.0565686157 -0.0122080313 0.2220060679 -0.0131697220 0.1411169934 34.2740723108 -34.5074733292 -10.3962158427 58.2618965630 -8.7094763954 32.7922053257
1699334493.18118 18.111696 11.974000 19.275235 -0.575977 -0.288804 -0.061677 0.762259 0.2415514563 -0.0568207534 -0.0124137646 0.2760327421 -0.0130770847 0.1958049317 39.4611398506 -37.4804967774 -12.2848200542 62.1706559931 -10.4018648344 36.5553436235
1699334493.24793 17.249697 12.888893 19.812500 -0.595613 -0.296360 -0.102078 0.739592 0.2296205678 -0.0776085030 0.0374719070 0.1919609551 -0.0089409496 0.1569647492 33.4949648552 -28.0599655117 -8.6190167343 47.7831817560 -8.8375989724 14.6567157496
1699334493.31468 12.276778 11.538824 24.071268 -0.355600 -0.625602 -0.157914 0.676191 0.1914574860 -0.0598586571 0.0149651618 0.1742384930 -0.0036131205 0.1386728947 38.5816643300 -27.9769420641 -8.5503600211 44.4313643003 -10.2544260190 15.0895135020
1699334493.38142 12.085983 11.060214 24.655591 -0.262091 -0.670233 -0.083491 0.689293 0.2469394136 0.0073505457 -0.0190615782 0.1783347519 -0.0030717897 0.1346454087 39.0691221866 -12.8252467111 -3.7197437562 38.2114872597 -14.5502970676 10.4337484773
1699334493.44817 11.882634 11.523533 25.423944 -0.249892 -0.648574 -0.059034 0.716534 0.2508625575 -0.0009708431 -0.0264091116 0.1603332086 -0.0089784531 0.1481420754 38.1603023922 -11.7161580836 -3.2029865693 39.7938326951 -14.0570603470 9.2616681823
1699334493.51492 11.601088 11.855702 26.039393 -0.287010 -0.611259 -0.109810 0.729335 0.2852238212 -0.0151607893 -0.0053203658 0.1573408960 -0.0100456556 0.1558102473 41.9990164671 -11.2382884845 -3.1705969133 42.2424710014 -15.3545519787 9.7817628973
1699334493.58166 11.194559 12.483963 26.729468 -0.286025 -0.613348 -0.111202 0.727756 0.3401496349 -0.0140741797 0.0048989067 0.2143903466 -0.0109527039 0.2077910363 45.2397713960 -10.5026643734 -2.9841284662 44.4633285442 -16.4030057396 10.1621560944
1699334493.64841 10.679662 13.001555 27.413565 -0.283666 -0.608165 -0.206887 0.711946 0.3200210749 -0.0424184834 0.0110549429 0.1821969396 -0.0198248781 0.1529620501 50.2137018842 -9.5847344652 -2.7791926883 47.1682343218 -18.1365127662 11.0779806441
1699334493.71516 9.681046 12.677825 28.676240 -0.246289 -0.648749 -0.161556 0.701688 0.2994091594 0.0421434801 -0.0045194881 0.1605800330 0.0087741818 0.1381698363 54.9572823434 -8.5569083769 -2.0607217239 49.6037890293 -19.4265638649 11.6474280079
1699334493.78191 21.565953 -15.398191 42.518119 0.232602 -0.240839 -0.047428 0.941086 0.2495276198 0.0127920337 -0.0215924276 0.1381256727 0.0009227631 0.1211169313 51.8882990559 -9.4771152205 1.0154047773 49.2885982374 -18.3573285054 10.2763544884
1699334493.84865 16.855790 -0.115133 52.793466 -0.042660 -0.233493 -0.136566 0.961775 0.1602352708 0.0445159687 0.0488482521 0.1627187069 0.0298766648 0.1709168650 152.3076919271 22.3030323602 -49.2959234542 127.0697043034 43.7036978751 42.2030462603
1699334493.91540 16.728037 -0.167536 54.754863 -0.041738 -0.237230 -0.133891 0.961277 0.2187900113 0.0119166469 0.0661786016 0.1932419339 0.0107480677 0.2457124736 176.5588432152 -20.7837543761 -19.9124324352 175.7300151599 4.3956482265 23.6765792698
1699334493.98215 16.592655 -0.215099 56.713867 -0.044816 -0.244991 -0.133779 0.959205 0.2758798474 0.0118856309 0.0668218585 0.2477864125 0.0103287074 0.2985461465 195.6158721133 -23.0385242428 -20.6272617637 191.1754006446 4.7997687270 25.8071782505
1699334494.04889 16.456905 -0.249548 58.676622 -0.043944 -0.244538 -0.134362 0.959279 0.3307336598 0.0120688801 0.0669405648 0.3026827189 0.0105224130 0.3538494707 216.0904897228 -25.4701077583 -21.3149930216 207.8582220739 5.1353677344 28.0814026319
1699334494.11564 16.301023 -0.289060 60.642332 -0.039878 -0.244149 -0.134599 0.959523 0.3856538903 0.0126906436 0.0669516017 0.3579339976 0.0111089194 0.4093158092 238.0280871056 -28.0670898374 -21.8955923530 225.8237736729 5.4578755752 30.4707685534
1699334494.18239 16.135264 -0.307493 62.608086 -0.043904 -0.241101 -0.137311 0.959734 0.4403382234 0.0121249821 0.0670933489 0.4130152456 0.0108721683 0.4657766097 261.4915236738 -30.8410783626 -22.3782118826 245.1289595041 5.6548430426 33.0209010323
1699334494.24913 15.955854 -0.316125 64.571469 -0.045549 -0.242071 -0.138431 0.959252 0.4962633591 0.0120307293 0.0673568288 0.4683985948 0.0107800577 0.5212820434 286.5171850575 -33.7844705743 -22.7410742030 265.8240802744 5.7575293294 35.7208244018
1699334494.31588 15.767598 -0.320116 66.521759 -0.047152 -0.241693 -0.139773 0.959075 0.5520068138 0.0118881376 0.0675524156 0.5239751171 0.0107166864 0.5773621938 313.0516153943 -36.8859569210 -22.9997620810 287.8784067014 5.7884724955 38.5686686742
1699334494.38263 15.714889 -0.307416 68.197154 0.103899 -0.500419 -0.170663 0.842413 0.5523801865 0.0237853710 0.0833445834 0.4745804032 0.0283132164 0.5173946290 341.2642547813 -40.1619477954 -23.0647330971 311.4681708176 5.6734609227 41.5175183862
1699334494.44938 -22.762044 51.450813 29.716772 -0.243624 -0.774869 0.256900 0.523668 0.4720039758 0.1007230890 0.1461486076 0.2511345660 0.0376768167 0.2566415566 349.7969641548 -40.1597256071 -16.9181948661 324.5812415852 5.6356141640 27.8954159367
1699334494.54950 -25.899247 55.463703 29.269020 -0.241049 -0.779172 0.258967 0.517419 0.4244774454 -0.1594420039 -0.1037935687 0.4697195627 0.0866909006 0.3304011566 1865.1240630773 1285.4105148207 -53.1657950840 1093.6277368638 90.1313194307 1020.6074404536
1699334494.61624 -33.585460 53.192952 27.705282 -0.383690 -0.507614 0.377725 0.672632 0.4235541168 -0.1476895347 -0.1003330604 0.5193710601 0.0863364121 0.3868477810 1772.2846182391 1229.8178756468 -43.5237098014 1076.9095048038 115.1548834016 1121.0200201036
1699334494.68299 -36.048516 55.580879 27.144824 -0.381544 -0.512508 0.378743 0.669562 0.4255796436 -0.1026481002 -0.0143002749 0.7015874311 -0.0383063653 0.3673447369 1625.5970054849 1386.9001396817 -50.9862547028 1483.1067842221 158.6807608274 1238.5213513043
1699334494.74974 -38.573427 57.988474 26.524461 -0.380347 -0.510471 0.380124 0.671014 0.4804280247 -0.1026393243 -0.0134911631 0.7563676857 -0.0411614328 0.4230408401 1769.4656579854 1519.3343426197 -61.4443649664 1629.5945244345 177.0436769588 1353.9138542248
1699334494.81648 -41.159118 60.405380 25.872533 -0.381127 -0.508183 0.381900 0.671300 0.5347339956 -0.1015645372 -0.0131214502 0.8123016397 -0.0430187123 0.4787078289 1920.1413351426 1659.9662392232 -72.4795219023 1786.9397494478 196.3865890942 1476.3294070172
1699334494.88323 -43.771690 62.820451 25.175988 -0.384522 -0.508840 0.382226 0.668677 0.5889974729 -0.1003203616 -0.0139567762 0.8693487024 -0.0413196150 0.5338726927 2076.9701151737 1807.5774462297 -84.2691001002 1953.5279177848 216.7468296615 1604.8093441145
1699334494.94998 -46.424828 65.245295 24.440731 -0.389711 -0.510443 0.381393 0.664916 0.6433708595 -0.0988614398 -0.0153170498 0.9270305124 -0.0378377091 0.5888522576 2240.7073341202 1963.1264362920 -96.7487830047 2130.5010025315 238.1163521461 1740.1505680095
1699334495.01673 -49.130495 67.676933 23.661102 -0.395699 -0.510778 0.378958 0.662510 0.6983678331 -0.0975642425 -0.0163984813 0.9845920669 -0.0345994730 0.6438901690 2411.2180519709 2127.0852536357 -110.0000973416 2319.0731484520 260.6183075640 1882.8373459410
1699334495.08347 -51.684328 69.894739 22.940638 -0.380607 -0.539730 0.416659 0.624680 0.6525404646 0.0247543445 0.0225263788 0.7471960941 -0.0361871616 0.6686899154 2587.4099439617 2300.8869703966 -124.4641880205 2518.9584810328 284.7087746996 2033.0123914975
1699334495.15022 -54.470836 72.298646 22.068757 -0.380910 -0.537921 0.418797 0.624626 0.7159568305 0.0238641280 0.0222303560 0.7996557411 -0.0418123181 0.7200171487 2752.2016637660 2464.7128317206 -137.3703771988 2714.1650049998 306.9169033501 2175.9578630329
1699334495.21697 -57.290960 74.695628 21.143692 -0.382168 -0.535508 0.422550 0.623402 0.7723215189 0.0247838543 0.0220460493 0.8543030496 -0.0431664036 0.7767731034 2938.4226906897 2650.9721652614 -153.1086160498 2935.9658025909 332.8670956576 2338.4387674870
1699334495.28371 -59.912648 76.555618 19.838408 -0.474619 -0.552125 0.530642 0.433951 0.4125096041 0.0647297258 0.1622320899 0.7235598625 0.1546561945 0.4583210695 3128.4845633103 2846.7220113269 -170.7094312172 3166.2737377320 361.0000891661 2505.7340559108
1699334495.35046 -65.784355 62.741012 -0.101800 -0.301309 -0.946783 0.000630 0.113204 0.2113736160 0.0407587436 0.0172193411 0.5227214604 0.0308464748 0.1952482474 3259.3262693231 3022.5845966099 -220.8300636084 3347.2204940676 389.8701443571 2270.9278511237
1699334495.41721 -68.651663 64.874701 -2.554687 -0.304784 -0.947659 0.007091 0.094865 0.2575940135 0.0059022492 -0.0129621106 0.1931508398 0.0423314656 0.5386213049 2373.1456393697 2555.4149847546 -559.9327105449 4036.0151507227 599.6704915686 2081.9690155719
1699334495.48396 -71.275996 66.670829 -5.042322 -0.305026 -0.948559 0.014600 0.083557 0.2988427450 0.0098005659 0.0200536301 0.1935133106 0.0463485795 0.5503397665 2543.9154652079 2729.9078460145 -613.9213227182 4327.4574547830 650.8179963550 2223.3801142481
1699334495.55070 -73.893322 68.465378 -7.592120 -0.305714 -0.948627 0.015629 0.080009 0.3551966324 0.0116505244 0.0280407660 0.2484246506 0.0470357779 0.6014118508 2697.2186478465 2885.4396161833 -668.3157376225 4606.0717845327 700.1144782417 2352.6265846022
1699334495.61745 -76.512301 70.259124 -10.232332 -0.306960 -0.948515 0.012362 0.077084 0.4104844905 0.0115185031 0.0292250932 0.3024336523 0.0440213916 0.6550085518 2855.9751803986 3045.5851634079 -725.3377823168 4895.2839667974 751.4715745117 2485.9554588448
1699334495.68420 -79.131968 72.050502 -12.953183 -0.308206 -0.948438 0.011958 0.073012 0.4662186835 0.0116317721 0.0313162326 0.3570635160 0.0426172335 0.7080929465 3020.1474776570 3209.8294470939 -785.1253387725 5194.5018070962 804.9612788255 2622.9696757534
1699334495.75095 -81.757068 73.830415 -15.777302 -0.307512 -0.948855 0.012843 0.070330 0.5219637847 0.0121907025 0.0327630935 0.4122802403 0.0426115803 0.7611361781 3189.5396852512 3377.7953058248 -848.1912204613 5504.7714154025 860.8322740546 2763.6096416404
1699334495.81769 -84.382534 75.611678 -18.677765 -0.306239 -0.949483 0.014846 0.066928 0.5780250349 0.0130206967 0.0346198288 0.4678631051 0.0432184822 0.8140512380 3364.7342243091 3550.0165012877 -914.0736348154 5825.2277231611 918.8866676580 2908.0156241545
1699334495.88444 -59.245620 58.275689 -68.733827 0.086476 0.918739 0.225660 0.312278 0.2873199714 -0.0288815155 0.1229768397 0.1883440150 0.0301181536 0.7210293841 3334.3948530633 3782.1334833423 -735.8727663496 5887.9730865690 970.5158465293 2436.8076156806
1699334495.95119 -60.623048 59.658823 -72.986124 0.083241 0.916209 0.224700 0.321158 0.6407607979 -0.1123333190 0.2012138827 0.2820844887 -0.1071513200 0.4360505686 3293.4607927245 2245.9800334329 -968.7875514176 5717.4747991341 1218.6238656284 1511.7109059804
1699334496.01793 -61.969288 61.061609 -77.300503 0.080575 0.913056 0.223714 0.331342 0.7054241689 -0.1112387813 0.1975895987 0.3351898066 -0.1029760025 0.4809813554 3476.5502716605 2335.2772576984 -1018.5297527801 6012.0037848078 1292.0285321278 1576.3207110942
1699334496.08468 -56.924424 55.852891 -69.388948 0.008576 0.881462 0.147797 0.448450 0.6823465860 -0.1284674343 0.2199966639 0.2899777092 -0.0832718317 0.4462457727 3663.5126869765 2427.3117307025 -1071.7659843665 6312.0142172786 1371.0687731085 1637.3237692413
1699334496.15143 -67.045440 44.726753 -82.863064 0.184376 0.923568 -0.026841 0.335123 0.7601114703 -0.0058610321 0.1566968787 0.1930744894 -0.0356166500 0.3175848498 3103.1211287971 2166.6395730539 -986.3321067033 5543.0216639499 1186.5896107239 1404.4390253217
1699334496.21818 -68.380576 45.772131 -87.414698 0.178266 0.923573 -0.027336 0.338358 0.7363199940 -0.0078696325 0.2279523879 0.2376999522 0.0128860275 0.4590359853 3202.6253579588 2123.8608825854 -1348.8576076263 6846.8201131744 952.6820232840 1459.2284823837
1699334496.28492 -69.681785 46.813482 -92.040761 0.172677 0.923612 -0.026151 0.341232 0.7935399865 -0.0045939458 0.2261601627 0.2921895453 0.0136582961 0.5101676420 3377.2828910506 2207.4873908739 -1410.2797616039 7173.6725693875 1007.4539840635 1510.9711463443
1699334496.35167 -70.952997 47.855809 -96.732405 0.168160 0.923107 -0.024096 0.344985 0.8515893247 -0.0029209449 0.2239088319 0.3468937245 0.0135571732 0.5608070046 3557.5901699580 2292.5266807526 -1472.5990146747 7508.8552195478 1063.9509852381 1563.0798877756
1699334496.41842 -72.183206 48.894020 -101.497528 0.164890 0.922083 -0.020236 0.349520 0.9102615115 -0.0036993724 0.2213145581 0.4017560718 0.0120726969 0.6112202748 3743.8234496957 2378.7788806334 -1535.6903006478 7852.3570851369 1122.0772267606 1615.2271349913
1699334496.48517 -73.385467 49.937721 -106.323628 0.161495 0.919649 -0.017882 0.357554 0.9725331168 -0.0036401983 0.2161848367 0.4568579209 0.0111581902 0.6583424373 3935.7734460034 2466.5500979620 -1599.5370251856 8204.2618073276 1182.1045544866 1667.7902505148
1699334496.55192 -74.560505 50.991651 -111.205879 0.159527 0.917215 -0.019533 0.364537 1.0345165462 -0.0015065997 0.2110631450 0.5123517925 0.0120690901 0.7059066820 4133.4047624516 2555.9402399241 -1664.0163707469 8564.3840699609 1244.2070293256 1720.8304757151
1699334496.61867 -95.993954 67.402294 -114.333715 0.209690 0.960363 0.113296 0.144557 0.9869023425 0.0112286605 0.3907429333 0.1632079895 0.0177816240 0.4388600765 4241.8355745846 2717.8817497108 -1706.8727791556 8726.5881628269 1313.5406645043 1758.8578601480
1699334496.68541 -96.758234 70.150217 -119.258897 0.242621 0.953948 0.094783 0.148777 0.5313504516 -0.1079775203 0.3509967045 0.2458535979 -0.1375869478 0.7970409760 4968.8984679446 3782.8949985664 -1983.0017363601 10565.9419755974 1841.4177001346 2590.8646698016
1699334496.75216 -98.422442 71.707921 -124.409813 0.242263 0.953939 0.091979 0.151155 0.5282386877 -0.1199599027 0.3914859796 0.2960623278 -0.1179100738 0.8290460528 5272.1940730252 3954.0813467924 -2039.8779900876 10892.8112807149 1964.6309474215 2681.8377641055
1699334496.81891 -100.077774 73.266833 -129.640713 0.237914 0.955372 0.089886 0.150269 0.5842912055 -0.1175560388 0.3927675310 0.3488208547 -0.1142310037 0.8843370419 5523.3571706281 4095.9787785258 -2123.3545757419 11328.9987319685 2061.6775754668 2774.6758027666
1699334496.88566 -101.715612 74.834640 -134.947716 0.232379 0.955989 0.087865 0.156091 0.6512934590 -0.1159280048 0.3979137656 0.4010564473 -0.1080670324 0.9297497635 5782.0649335195 4240.3453763462 -2208.6864078253 11775.9989863744 2161.7715608906 2869.1191332272
1699334496.95241 -103.332686 76.410154 -140.329635 0.227185 0.956223 0.086628 0.162850 0.7196402405 -0.1152115542 0.4028470440 0.4541073938 -0.1030124943 0.9735465892 6048.3544701376 4386.9477618839 -2295.6178535235 12232.6978523186 2264.9505113530 2964.9258079718
1699334497.01915 -104.931282 77.991137 -145.783209 0.223640 0.956094 0.084913 0.169288 0.7875402412 -0.1145275850 0.4072711203 0.5077634986 -0.0983993620 1.0177259468 6322.0855008594 4535.7145991804 -2384.1439414616 12699.2447963065 2371.1703001913 3062.1033038664
1699334497.08590 -106.518996 79.589557 -151.312814 0.222532 0.956244 0.084797 0.169960 0.8449844620 -0.1141594259 0.4083421754 0.5629145627 -0.0973400721 1.0714139605 6604.2487761652 4687.4561706403 -2474.3959810529 13176.7741502955 2480.9249925532 3161.1675078638
1699334497.15265 -108.092067 81.192289 -156.910914 0.219848 0.956315 0.085326 0.172765 0.9062401048 -0.1143530267 0.4101775122 0.6180598864 -0.0959699717 1.1218466119 6893.8979826062 4841.3954216264 -2566.2608174100 13664.5957865958 2593.7734148335 3261.6973429917
1699334497.21940 -109.710331 82.843179 -162.393854 0.239417 0.951960 0.095938 0.165066 0.9692501665 -0.1025426399 0.4347948569 0.6489224970 -0.1381580307 1.0706012176 7190.6565107261 4997.3246404967 -2659.2425300650 14162.2665347598 2709.3067897596 3362.3399113088
1699334497.28615 -111.249717 84.461478 -168.127670 0.237863 0.951323 0.095275 0.171257 1.0032240059 -0.1209174814 0.4250114136 0.7199693068 -0.1661753157 1.1331075870 7491.7733065578 5159.2301708339 -2752.4711656484 14664.0533310955 2827.8655977331 3468.9438331025
1699334497.35290 -112.767368 86.087623 -173.936131 0.238074 0.949730 0.096643 0.178869 1.0722049206 -0.1261060062 0.4265651284 0.7784145739 -0.1670453803 1.1737526591 7805.1800244426 5319.8843417785 -2848.8769702804 15182.3917376626 2950.6570980983 3573.7991638070
1699334497.41965 -114.259013 87.727310 -179.801311 0.240102 0.948856 0.092351 0.183018 1.1377447812 -0.1255476737 0.4287868653 0.8331033355 -0.1638564886 1.2221374215 8126.6048213363 5482.6732350707 -2946.3784060013 15709.5967462286 3076.9512617674 3680.0419372320
1699334497.48639 -115.718619 89.371356 -185.731921 0.239997 0.948378 0.085984 0.188648 1.2076613243 -0.1227312585 0.4321798399 0.8859191879 -0.1570945997 1.2685603049 8455.8920000889 5646.9565695312 -3044.9813997008 16245.8217275533 3206.6142266077 3787.2430684424
1699334497.55314 -117.154912 91.015842 -191.727318 0.236991 0.948184 0.084013 0.194228 1.2763706649 -0.1220724282 0.4345378037 0.9409584943 -0.1525791324 1.3145089146 8792.8303696830 5812.7957837429 -3144.8375269816 16791.9972560116 3339.5347398000 3895.5546233640
1699334497.61989 -118.571400 92.663514 -197.787993 0.232375 0.948039 0.082684 0.200966 1.3474410988 -0.1214914464 0.4367799610 0.9961676340 -0.1474135671 1.3584670123 9137.7137660674 5980.4169788128 -3245.9846136890 17348.6474753669 3475.8681612768 4005.1655206253
1699334497.68664 -119.966250 94.315048 -203.927640 0.226982 0.948105 0.081210 0.207319 1.4183414425 -0.1199110476 0.4388730459 1.0511234515 -0.1415614053 1.4033870077 9491.3270879210 6149.8433641030 -3348.5530288586 17916.8800503222 3615.9126903190 4116.0482604399
1699334497.75339 -121.338468 95.974097 -210.163165 0.222513 0.948724 0.082526 0.208804 1.4793156590 -0.1190951318 0.4401230742 1.1078270270 -0.1393775826 1.4570271046 9854.9112988796 6321.2942449460 -3452.7240572736 18498.2919232669 3760.1682365571 4228.3004611961
1699334497.82014 -122.687031 97.644766 -216.478271 0.219322 0.948519 0.084547 0.212276 1.5433543984 -0.1206338076 0.4406251741 1.1658591978 -0.1385104063 1.5068229649 10228.2032894999 6494.7948266361 -3558.1600410954 19091.7835045441 3908.6621820251 4342.0482364719
1699334497.88689 -124.011906 99.329234 -222.857308 0.215774 0.949144 0.082933 0.213749 1.6058078373 -0.1174877270 0.4423968635 1.2213941214 -0.1342815366 1.5612443391 10610.7699163361 6670.3034592276 -3664.5626980805 19696.2672468071 4061.3430498778 4457.4012689966
1699334497.95364 -125.316108 101.018509 -229.314071 0.213581 0.949056 0.083332 0.216177 1.6688929701 -0.1175360713 0.4431233386 1.2789902749 -0.1327310039 1.6135209946 11002.7972967983 6847.5711579347 -3772.1951516551 20313.4952698841 4218.1261603785 4574.1920261893
1699334498.02038 -126.596118 102.714837 -235.842897 0.214847 0.947693 0.081014 0.221711 1.7381442443 -0.1184949011 0.4431117612 1.3366841634 -0.1309061880 1.6600737816 11404.3363493277 7026.4926227191 -3880.8107924534 20942.9380200013 4379.1207354638 4692.4220016290
1699334498.08713 -127.845191 104.428656 -242.437786 0.218521 0.946543 0.077588 0.224245 1.8021653891 -0.1186238984 0.4432467128 1.3944547471 -0.1302204955 1.7123220978 11816.0555584125 7207.1767125991 -3990.0321797801 21583.7126573091 4544.8545006459 4812.3088930839
1699334498.15388 -129.061117 106.169934 -249.097969 0.220933 0.945884 0.076027 0.225194 1.8629840016 -0.1190755083 0.4435128346 1.4529209701 -0.1304522688 1.7676257650 12238.9235169416 7389.8867851415 -4099.6777163487 22235.8358326401 4715.9673637555 4934.2429528440
1699334498.22063 -130.251474 107.925239 -255.836691 0.222458 0.944240 0.075704 0.230632 1.9316110048 -0.1222236511 0.4424527526 1.5125246354 -0.1306071460 1.8145242108 12672.8757719506 7574.3505117075 -4210.1099644999 22901.6469174581 4892.1690946649 5058.0611345562
1699334498.28738 -131.416619 109.688919 -262.649391 0.223270 0.942341 0.077105 0.237063 2.0014994883 -0.1270915897 0.4405389608 1.5732520204 -0.1314906287 1.8595719342 13117.4146560079 7760.2402554821 -4321.1952140587 23581.1143963895 5073.2190770101 5183.6407092440
1699334498.35413 -132.557480 111.458986 -269.536580 0.224574 0.940019 0.079182 0.244255 2.0723859970 -0.1333717854 0.4376744621 1.6349216859 -0.1330017789 1.9032116503 13572.6266692543 7947.4573022780 -4432.8767763809 24274.7751380108 5259.1358883394 5311.0039623048
1699334498.42088 -133.671998 113.233357 -276.499545 0.226572 0.938197 0.083984 0.247788 2.1353184949 -0.1412191813 0.4350907745 1.6985110656 -0.1375317096 1.9534178839 14038.6405113701 8135.7843973397 -4545.0014679531 24983.0317684552 5449.9590756750 5440.0847574371
1699334498.48763 -134.751913 115.003885 -283.555425 0.231095 0.935773 0.086834 0.251763 2.1992596088 -0.1491385969 0.4319734234 1.7623341012 -0.1420872256 2.0029198824 14516.1531229332 8324.6247765538 -4657.3913500655 25707.7062936736 5645.7557733837 5570.4010782912
1699334498.55437 -135.809889 116.777409 -290.658808 0.235010 0.934639 0.081611 0.254087 2.2648319293 -0.1478348661 0.4318589909 1.8203246049 -0.1404263334 2.0571630320 15002.8439265597 8514.3705069052 -4769.7386725962 26445.0320136381 5845.9548164702 5702.6508036728
1699334498.62112 -136.842813 118.560404 -297.822770 0.236710 0.933575 0.082666 0.256071 2.3274074864 -0.1510579891 0.4307523885 1.8818144137 -0.1419728676 2.1114462000 15500.3320844030 8705.1781233698 -4881.9986323068 27196.5853428326 6051.3329296809 5837.1279469069
1699334498.68787 -137.847864 120.349139 -305.060808 0.238848 0.931626 0.084615 0.260508 2.3937403684 -0.1567194758 0.4279160438 1.9447111980 -0.1439218721 2.1611038212 16009.4837236205 8896.8287279052 -4994.1046360092 27964.2516471388 6262.1098290341 5973.7130527914
1699334498.75462 -138.819805 122.148419 -312.361286 0.242649 0.929322 0.082480 0.265855 2.4633531068 -0.1600388124 0.4250043867 2.0058592820 -0.1438490712 2.2097574951 16530.0907688094 9089.0538075521 -5105.5659970508 28746.7001802048 6478.5086453229 6112.6433631692
1699334498.82137 -139.753159 123.964342 -319.731868 0.244991 0.927809 0.081270 0.269342 2.5299181234 -0.1623157306 0.4231521637 2.0669042538 -0.1438182046 2.2620960125 17063.5944004589 9281.7488596853 -5216.0778837038 29545.0971456201 6701.3360561427 6254.2785934739
1699334498.88812 -140.668440 125.779524 -327.159679 0.246323 0.926408 0.082379 0.272593 2.5952976304 -0.1660493355 0.4210005464 2.1293025287 -0.1446945163 2.3147972226 17607.4768153623 9475.1114096218 -5326.1830563621 30359.5589398397 6929.0479116608 6398.3677280654
1699334498.95487 -141.557495 127.599974 -334.658707 0.246957 0.924052 0.085175 0.279081 2.6655916697 -0.1725929313 0.4162513096 2.1932948933 -0.1452874186 2.3615162665 18163.6984787338 9669.0170291117 -5435.5366638502 31191.9605698496 7162.5833502231 6545.1655181476
1699334499.02162 -142.418325 129.424536 -342.233817 0.249391 0.921330 0.085620 0.285701 2.7367317018 -0.1782676601 0.4111466777 2.2567505558 -0.1453797741 2.4084410094 18732.8577304154 9863.3091585888 -5543.9029719464 32043.5151795128 7402.1433255594 6694.7365980048
1699334499.08836 -143.249890 131.254295 -349.886362 0.252650 0.918980 0.085808 0.290310 2.8043215405 -0.1833490967 0.4070971469 2.3204112159 -0.1463268174 2.4592247137 19315.5227161975 10057.9048288562 -5651.0303327723 32915.0948413599 7648.0046741902 6847.2977055299
1699334499.15511 -144.048946 133.081084 -357.634604 0.257502 0.917883 0.085924 0.289484 2.8623380439 -0.1867995897 0.4068035471 2.3842993974 -0.1498869171 2.5198823787 19912.9886268677 10252.5646852053 -5756.6087323181 33810.2036075112 7900.2340682899 7002.5533461722
1699334499.22186 -144.831343 134.916562 -365.465047 0.259653 0.916975 0.085698 0.290505 2.9250146638 -0.1887650635 0.4059503136 2.4468725634 -0.1508845474 2.5777454552 20525.6534247323 10448.2068057037 -5861.0856731892 34728.4400536207 8159.3179404781 7161.5026314473
1699334499.28861 -144.550312 135.708771 -373.500197 0.248740 0.901024 0.059417 0.350362 1.8343129179 -0.4306347521 1.4212209394 1.4947338080 -0.1702594139 1.6853427723 21008.5278703820 10600.2876950462 -6026.3433133652 35487.7466755972 8333.2652177430 7265.7087981768
1699334499.35536 -145.534158 137.969331 -381.220901 0.253290 0.909716 0.083518 0.318255 2.1546852149 -0.4538709891 1.4302327364 0.2167517007 -0.3212916549 1.1972065526 21276.3117782746 10815.3851255031 -6153.0694198691 36163.3631831929 8505.2089221266 7323.5469863113
1699334499.42211 -146.183990 139.761319 -389.226853 0.256802 0.907735 0.081253 0.321665 1.9751688685 -0.4859004488 1.4750768639 0.3012041153 -0.4025125392 1.4622497086 21909.8626751726 11031.5445611486 -6281.5891916361 37083.4100990625 8787.3512869345 7498.7280874335
1699334499.48886 -146.798831 141.571884 -397.292532 0.260546 0.905816 0.080149 0.324329 2.0483254025 -0.4966431540 1.4737501818 0.3602325492 -0.4063128666 1.5005745317 22521.6249126754 11231.5702525420 -6401.5182096671 38040.9855589521 9059.9320253734 7652.2130700044
1699334499.55560 -147.386967 143.381712 -405.410928 0.262572 0.904863 0.079473 0.325520 2.1134671883 -0.5021173349 1.4751354775 0.4172136184 -0.4085222333 1.5494767629 23142.5021842315 11431.9964017374 -6521.4658646407 39017.5951900571 9338.4474162136 7807.4454132690
1699334499.62235 -148.070538 145.111894 -413.556817 0.273153 0.907970 0.081555 0.307127 2.1564028957 -0.5693884922 1.5018674045 0.4089041784 -0.4133866791 1.4829991934 23772.8889111889 11632.6317051498 -6641.3514184527 40014.4013845849 9623.4791639001 7964.5433116768
1699334499.68910 -148.608053 146.921713 -421.807565 0.273866 0.904976 0.083237 0.314782 2.1002336367 -0.5740648587 1.5209373929 0.4774785894 -0.4491867851 1.6420881949 24403.5558768925 11840.0660226977 -6764.1336131919 41029.6223748672 9905.1284061108 8122.3523027793
1699334499.75585 -149.114111 148.736435 -430.130625 0.276526 0.901306 0.084692 0.322502 2.1427819757 -0.6652520870 1.5428025135 0.4555074725 -0.4164064709 1.6359057850 25053.9583577769 12042.5363587981 -6884.2062090357 42071.3726704829 10203.0985745007 8283.0329291586
1699334499.82260 -149.585649 150.553460 -438.541822 0.280830 0.899645 0.085483 0.323211 2.2019485596 -0.6859086727 1.5399500612 0.5245168204 -0.4301399980 1.6797354206 25717.7952120222 12245.7052615793 -7004.2781959932 43140.2607355992 10509.4574075873 8445.7039485231
1699334499.88935 -150.026017 152.379194 -447.012736 0.282282 0.899315 0.084268 0.323184 2.2616130264 -0.6861244577 1.5447045315 0.5798926106 -0.4296357088 1.7372238063 26392.0064036499 12449.3930469386 -7124.3036043490 44232.2882271176 10823.0075961954 8610.5613292268
1699334499.95609 -150.437918 154.212980 -455.542705 0.282318 0.898417 0.085300 0.325372 2.3318169340 -0.6953862764 1.5440707831 0.6393034968 -0.4326665528 1.7806586675 27076.9820291126 12653.3745947035 -7244.1950340722 45348.3098377108 11144.2267781744 8777.7086723302
1699334500.02284 -150.820548 156.057245 -464.145581 0.283831 0.895116 0.087080 0.332601 2.4291476847 -0.7210374803 1.5327624730 0.7072658740 -0.4377543712 1.7889184740 27773.9145910935 12857.8237835131 -7364.0460926100 46491.0770466634 11473.8276942076 8947.2948191358
1699334500.08959 -151.175850 157.908186 -472.816180 0.285161 0.892593 0.086348 0.338386 2.5242020497 -0.7340883804 1.5261166009 0.7677524113 -0.4344251699 1.8074140446 28482.1957758143 13062.7161163525 -7483.7906767442 47660.6422217320 11811.5698047099 9119.2414630685
1699334500.15634 -151.502728 159.763784 -481.554161 0.286830 0.890504 0.085555 0.342654 2.6095380777 -0.7449945082 1.5214754557 0.8282080634 -0.4326051979 1.8361541656 29201.6871849600 13267.9888983279 -7603.3226302075 48857.8521372949 12157.5434361417 9293.4902830071
1699334500.22309 -151.791850 161.630934 -490.363500 0.288529 0.889552 0.086284 0.343517 2.6699730613 -0.7552559683 1.5216506519 0.8909118830 -0.4385631272 1.8880684645 29933.4735617209 13473.0150759434 -7722.4262001636 50084.7585598110 12512.9750055224 9470.2782960364
1699334500.28984 -152.066959 163.487594 -499.230023 0.289819 0.887720 0.088906 0.346488 2.7390395732 -0.7758536402 1.5150403843 0.9594718386 -0.4480514471 1.9260079990 30674.3739837157 13679.3164135771 -7841.3750565286 51338.6771676014 12875.0422022740 9648.9915639873
1699334500.35659 -152.320877 165.334790 -508.157264 0.291339 0.885272 0.091200 0.350853 2.8170134792 -0.7986848869 1.5051553373 1.0291215482 -0.4553346838 1.9544500389 31424.7558159039 13886.7150726053 -7959.9047471417 52621.2192494565 13244.2927080037 9829.5721412283
1699334500.42334 -152.543660 167.185110 -517.154459 0.292851 0.882516 0.093579 0.355875 2.8985690836 -0.8232595625 1.4929280567 1.0999765420 -0.4617362570 1.9785949693 32186.6602117912 14094.5444696341 -8077.8916770534 53935.4593135779 13622.5595275571 10012.5241097386
1699334500.49009 -152.719403 169.052557 -526.229029 0.295934 0.881355 0.092610 0.356454 2.9595060418 -0.8304480542 1.4945394476 1.1624987380 -0.4650893398 2.0321964732 32962.2406817070 14301.4922019534 -8195.0292112372 55285.2532302442 14012.2324308315 10198.4120029202
1699334500.55684 -152.853702 170.929004 -535.355540 0.297596 0.878433 0.095372 0.361519 3.0396975947 -0.8572278710 1.4805976928 1.2358716425 -0.4723069698 2.0561977658 33748.9487974391 14507.2914479566 -8311.1178011254 56667.3309694241 14412.0912564614 10387.0341672302
1699334500.62359 -152.968987 172.807409 -544.532188 0.299757 0.876685 0.095077 0.364047 3.1123176471 -0.8686057590 1.4766312573 1.2999658649 -0.4736462881 2.0975412447 34545.9365621961 14713.3740968445 -8426.7567008908 58080.0240697815 14820.5647602527 10578.4146017639
1699334500.69034 -153.057228 174.692367 -553.783627 0.302216 0.873506 0.094900 0.369659 3.2022738609 -0.8878101740 1.4633257372 1.3679010318 -0.4721467520 2.1182009191 35355.5883269690 14919.8122273062 -8541.8540594924 59529.3314047935 15239.3221458200 10772.7674822339
1699334500.75709 -153.112292 176.584290 -563.104813 0.304393 0.869858 0.095667 0.376218 3.2952657065 -0.9119817213 1.4450745453 1.4391591691 -0.4712384864 2.1329774803 36177.7116514007 15126.0219472737 -8656.0889209136 61016.3533942400 15668.8868794176 10970.1457264491
1699334500.82384 -153.130076 178.492317 -572.475081 0.306916 0.866647 0.094097 0.381930 3.3892065674 -0.9265856769 1.4311790320 1.5038335300 -0.4649265202 2.1538545121 37011.8681999890 15330.2704404312 -8769.3610829342 62539.2325689869 16110.0798821453 11171.1386222226
1699334500.89060 -153.105083 180.401828 -581.899389 0.307030 0.866167 0.098797 0.381741 3.4353425874 -0.9457761233 1.4292305032 1.5770024420 -0.4795264204 2.2145395272 37856.8668702670 15533.3072840954 -8881.0539033180 64101.0288844834 16562.3850833546 11375.0449037341
1699334500.95735 -153.044738 182.315972 -591.374348 0.308329 0.863705 0.101890 0.385441 3.5060269519 -0.9704773166 1.4156071529 1.6522628323 -0.4861412842 2.2490936899 38712.8498168664 15735.0978898374 -8991.4417909142 65701.3535316274 17025.8381215304 11582.2531100787
1699334501.02410 -152.297701 185.633354 -600.560245 0.284263 0.833945 0.079964 0.466193 2.8726583352 -1.1672507139 2.0039291497 0.5330316023 -0.8263325324 1.5489980485 39529.0555960104 15932.7285969819 -9109.2212839902 67218.0291711847 17462.8790920640 11779.2415528801
1699334501.09085 -152.122168 187.694347 -610.050114 0.277434 0.831544 0.076172 0.475145 3.6823334224 -1.1986171136 1.6804278244 0.4456312026 -0.5506310453 0.8915478308 40551.8568203872 15932.6863936956 -9239.4070765176 68953.7581390709 18110.5986178629 12061.5314876967
1699334501.15760 -151.891808 189.682304 -619.655422 0.272679 0.831846 0.070102 0.478293 3.8050253903 -1.1666902638 1.6812774976 0.4123539720 -0.5177498396 0.8664697139 41450.7340490171 16098.4974144328 -9354.1989352766 70667.2119680311 18623.7922044367 12285.7300155299
1699334501.22435 -151.611233 191.676723 -629.336130 0.266449 0.829249 0.065715 0.486860 3.9365064134 -1.1369595103 1.6686332030 0.3822960794 -0.4830623691 0.8296494353 42356.0149811446 16271.4572211601 -9464.9733263022 72447.1503810433 19146.9024772942 12508.8167645318
1699334501.29158 -151.292661 193.691831 -639.117677 0.260622 0.828542 0.056527 0.492341 4.0813631411 -1.0822958181 1.6549889087 0.3402145881 -0.4383072128 0.7921077001 43277.5882499393 16441.9486072163 -9575.1402102101 74287.5979347901 19687.1267768920 12736.7685596624
1699334501.35881 -150.936547 195.716223 -648.944473 0.253378 0.826081 0.047499 0.501132 4.2357777845 -1.0020460235 1.6386943488 0.2895415220 -0.3854072169 0.7537810957 44211.3784922994 16607.4150811481 -9685.1088788524 76173.4625383050 20241.4452154136 12969.1941916127
1699334501.42605 -150.543472 197.742825 -658.828276 0.245822 0.822670 0.035374 0.511404 4.4203475986 -0.9168458048 1.5794418752 0.2420945505 -0.3234433466 0.6821858530 45156.0289263110 16770.5298015415 -9793.7324947034 78113.3388857276 20809.7723148351 13204.9249456861
